%YAML:1.0
---
cameraMatrix: !!opencv-matrix
   rows: 3
   cols: 3
   dt: d
   data: [ 1.0685972585305062e+03, 0., 9.2837490576303003e+02, 0.,
       1.0691446598506907e+03, 5.2153445527035058e+02, 0., 0., 1. ]
distortionCoefficients: !!opencv-matrix
   rows: 1
   cols: 5
   dt: d
   data: [ 7.6962367135423149e-02, -8.9715694389254058e-02,
       -1.8422374225884933e-03, -4.3531808249078364e-03,
       3.7001528216345753e-02 ]
rotation: !!opencv-matrix
   rows: 3
   cols: 3
   dt: d
   data: [ 1., 0., 0., 0., 1., 0., 0., 0., 1. ]
projection: !!opencv-matrix
   rows: 4
   cols: 4
   dt: d
   data: [ 1.0685972585305062e+03, 0., 9.2837490576303003e+02, 0., 0.,
       1.0691446598506907e+03, 5.2153445527035058e+02, 0., 0., 0., 1.,
       0., 0., 0., 0., 1. ]
