%YAML:1.0
---
depthShift: -2.5890268553607616e+01
