%YAML:1.0
---
rotation: !!opencv-matrix
   rows: 3
   cols: 3
   dt: d
   data: [ 9.9987714708403796e-01, -7.1962125481427252e-03,
       -1.3924987039386990e-02, 7.2008685742118170e-03,
       9.9997403300839227e-01, 2.8425465294425130e-04,
       1.3922579892465016e-02, -3.8449173299951763e-04,
       9.9990300226334206e-01 ]
translation: !!opencv-matrix
   rows: 3
   cols: 1
   dt: d
   data: [ -5.3858459811609631e-02, 9.6349691035073749e-04,
       1.2388356154296625e-02 ]
essential: !!opencv-matrix
   rows: 3
   cols: 3
   dt: d
   data: [ -7.5792561807116787e-05, -1.2388404922553133e-02,
       9.5988200545196712e-04, 1.3136682918231345e-02,
       -1.0985737655806120e-04, 5.3680727964020132e-02,
       -1.3512062326586504e-03, -5.3850127740879335e-02,
       -1.8928358127375732e-06 ]
fundamental: !!opencv-matrix
   rows: 3
   cols: 3
   dt: d
   data: [ -9.0595624013358648e-08, -1.4873061583686028e-05,
       3.5041365728668986e-03, 1.5694371774831358e-05,
       -1.3182318252989497e-07, 1.9888209645405556e-02,
       -9.8269517158537083e-03, -5.5208793166917215e-02, 1. ]
