%YAML:1.0
---
cameraMatrix: !!opencv-matrix
   rows: 3
   cols: 3
   dt: d
   data: [ 3.7027521226480951e+02, 0., 2.4757117839779070e+02, 0.,
       3.6865513674023083e+02, 2.0553064457964030e+02, 0., 0., 1. ]
distortionCoefficients: !!opencv-matrix
   rows: 1
   cols: 5
   dt: d
   data: [ 1.3652074501648695e-01, -4.5330473518172532e-01,
       -4.5729511906146466e-04, -1.2001776430809668e-02,
       2.2828764789322414e-01 ]
rotation: !!opencv-matrix
   rows: 3
   cols: 3
   dt: d
   data: [ 1., 0., 0., 0., 1., 0., 0., 0., 1. ]
projection: !!opencv-matrix
   rows: 4
   cols: 4
   dt: d
   data: [ 3.7027521226480951e+02, 0., 2.4757117839779070e+02, 0., 0.,
       3.6865513674023083e+02, 2.0553064457964030e+02, 0., 0., 0., 1.,
       0., 0., 0., 0., 1. ]
